version 2
run BERDistance-1-20120717-11:16:20-7531
attr Channel ghassemzadeh-nlos
attr Receiver 3dB
attr configname BERDistance
attr datetime 20120717-11:16:20
attr distance 1
attr experiment BERDistance
attr inifile omnetpp.ini
attr iterationvars "$distance=1, $nbPackets=250, $Channel=ghassemzadeh-nlos, $Receiver=3dB"
attr iterationvars2 "$distance=1, $nbPackets=250, $Channel=ghassemzadeh-nlos, $Receiver=3dB, $repetition=0"
attr measurement "$distance=1, $nbPackets=250, $Channel=ghassemzadeh-nlos, $Receiver=3dB"
attr nbPackets 250
attr network ieee802154a
attr processid 7531
attr repetition 0
attr replication #0
attr resultdir results
attr runnumber 1
attr seedset 1

vector 19  ieee802154a.node[0].nic.phy  pathloss  ETV
vector 23  ieee802154a.node[0].stats  maiPER  ETV
vector 24  ieee802154a.node[0].stats  maiPERnoRS  ETV
vector 0  ieee802154a.node[0].nic.mac  packetsBER  ETV
vector 1  ieee802154a.node[0].nic.mac  meanPacketBER  ETV
vector 11  ieee802154a.node[0].nic.mac  successNoRS  ETV
vector 10  ieee802154a.node[0].nic.mac  success  ETV
vector 8  ieee802154a.node[0].nic.mac  ber  ETV
vector 6  ieee802154a.node[0].nic.mac  packetSuccessRate  ETV
vector 7  ieee802154a.node[0].nic.mac  packetSuccessRateNoRS  ETV
vector 9  ieee802154a.node[0].nic.mac  ser  ETV
0	15	5.001428158799	0.39166666666667
0	28	6.283367158399	0
0	43	7.939908021497	0
0	58	8.002680458994	0
0	75	10.190849655724	0
0	90	11.108252395538	0
0	105	13.719183185008	0
0	120	13.807653346977	0
0	135	13.828121093757	0
0	150	14.710560894728	0
0	165	15.993807572358	0
0	180	16.531945546511	0
0	195	16.745246950576	0
0	210	18.379029685475	0
0	225	19.834214141344	0
0	242	20.915104746002	0
0	257	22.583713044865	0
0	272	25.12637411773	0
0	287	26.407474395252	0
0	302	27.95885520486	0
0	317	28.5705063847	0
0	334	31.161089811956	0
0	349	33.369551459124	0
0	364	35.068905488295	0
0	379	35.666598426292	0
0	394	36.295136998912	0
0	409	36.743859972739	0
0	424	37.367463996828	0
0	439	38.627836463023	0
0	454	38.707166320732	0
0	469	39.683578180835	0
0	484	39.823591357633	0
0	501	40.4104999268	0
0	516	41.242527302566	0
0	531	41.731377741964	0
0	546	43.977822191272	0
0	561	44.662893417031	0
0	576	45.014004424598	0
0	591	45.535587242774	0
0	606	46.096473944727	0
0	621	46.4438535815	0
0	636	47.780302264028	0
0	651	47.813510799397	0
0	666	48.003988278629	0
0	681	48.658597970536	0
0	696	48.741098859559	0
0	713	51.548109893901	0
0	728	52.108236361466	0
0	743	52.337064877409	0
0	758	53.999070182135	0
0	773	54.341221620287	0
0	788	55.573656785822	0
0	803	57.64202074314	0
0	818	57.744671068452	0
0	833	58.297588825968	0
0	848	58.847628697188	0
0	863	59.328072740376	0
0	878	59.653302118822	0
0	895	62.042024238995	0
0	910	62.406538957757	0
0	925	62.690456197313	0
0	940	63.636874890355	0
0	955	63.93039462991	0
0	970	66.024111543843	0
0	985	66.278145918983	0
0	1000	66.814665046566	0
0	1015	66.830704659395	0
0	1030	67.113845248978	0
0	1045	67.64152124172	0
0	1060	68.597614022573	0
0	1075	69.171566946718	0
0	1092	70.971032335097	0
0	1107	71.328480634178	0
0	1122	72.370438456765	0
0	1137	72.731794928348	0
0	1152	76.378419998183	0
0	1167	79.26390131458	0
0	1184	80.377154920089	0
0	1199	81.745150228541	0
0	1214	81.889760041199	0
0	1229	83.841308435854	0
0	1244	85.362867782006	0
0	1259	86.467578366067	0
0	1274	87.231246826379	0
0	1289	88.706283568634	0
0	1304	89.457106368518	0
0	1319	89.621077859538	0
0	1336	92.603307911842	0
0	1351	92.984188929436	0
0	1366	93.659321840167	0
0	1381	94.728921709678	0
0	1396	95.688313564172	0
0	1411	96.063978092571	0
0	1426	98.073275387479	0
0	1441	98.077104795188	0
0	1456	98.101840879472	0
1	15	5.001428158799	0.39166666666667
1	28	6.283367158399	0.19583333333333
1	43	7.939908021497	0.13055555555556
1	58	8.002680458994	0.097916666666667
1	75	10.190849655724	0.078333333333333
1	90	11.108252395538	0.065277777777778
1	105	13.719183185008	0.055952380952381
1	120	13.807653346977	0.048958333333333
1	135	13.828121093757	0.043518518518519
1	150	14.710560894728	0.039166666666667
1	165	15.993807572358	0.035606060606061
1	180	16.531945546511	0.032638888888889
1	195	16.745246950576	0.030128205128205
1	210	18.379029685475	0.02797619047619
1	225	19.834214141344	0.026111111111111
1	242	20.915104746002	0.024479166666667
1	257	22.583713044865	0.023039215686275
1	272	25.12637411773	0.021759259259259
1	287	26.407474395252	0.020614035087719
1	302	27.95885520486	0.019583333333333
1	317	28.5705063847	0.018650793650794
1	334	31.161089811956	0.01780303030303
1	349	33.369551459124	0.017028985507246
1	364	35.068905488295	0.016319444444444
1	379	35.666598426292	0.015666666666667
1	394	36.295136998912	0.015064102564103
1	409	36.743859972739	0.014506172839506
1	424	37.367463996828	0.013988095238095
1	439	38.627836463023	0.013505747126437
1	454	38.707166320732	0.013055555555556
1	469	39.683578180835	0.012634408602151
1	484	39.823591357633	0.012239583333333
1	501	40.4104999268	0.011868686868687
1	516	41.242527302566	0.011519607843137
1	531	41.731377741964	0.011190476190476
1	546	43.977822191272	0.01087962962963
1	561	44.662893417031	0.010585585585586
1	576	45.014004424598	0.01030701754386
1	591	45.535587242774	0.010042735042735
1	606	46.096473944727	0.0097916666666667
1	621	46.4438535815	0.0095528455284553
1	636	47.780302264028	0.0093253968253968
1	651	47.813510799397	0.0091085271317829
1	666	48.003988278629	0.0089015151515152
1	681	48.658597970536	0.0087037037037037
1	696	48.741098859559	0.0085144927536232
1	713	51.548109893901	0.0083333333333333
1	728	52.108236361466	0.0081597222222222
1	743	52.337064877409	0.0079931972789116
1	758	53.999070182135	0.0078333333333333
1	773	54.341221620287	0.0076797385620915
1	788	55.573656785822	0.0075320512820513
1	803	57.64202074314	0.0073899371069182
1	818	57.744671068452	0.0072530864197531
1	833	58.297588825968	0.0071212121212121
1	848	58.847628697188	0.0069940476190476
1	863	59.328072740376	0.0068713450292398
1	878	59.653302118822	0.0067528735632184
1	895	62.042024238995	0.006638418079096
1	910	62.406538957757	0.0065277777777778
1	925	62.690456197313	0.0064207650273224
1	940	63.636874890355	0.0063172043010753
1	955	63.93039462991	0.0062169312169312
1	970	66.024111543843	0.0061197916666667
1	985	66.278145918983	0.006025641025641
1	1000	66.814665046566	0.0059343434343434
1	1015	66.830704659395	0.0058457711442786
1	1030	67.113845248978	0.0057598039215686
1	1045	67.64152124172	0.0056763285024155
1	1060	68.597614022573	0.0055952380952381
1	1075	69.171566946718	0.0055164319248826
1	1092	70.971032335097	0.0054398148148148
1	1107	71.328480634178	0.005365296803653
1	1122	72.370438456765	0.0052927927927928
1	1137	72.731794928348	0.0052222222222222
1	1152	76.378419998183	0.0051535087719298
1	1167	79.26390131458	0.0050865800865801
1	1184	80.377154920089	0.0050213675213675
1	1199	81.745150228541	0.004957805907173
1	1214	81.889760041199	0.0048958333333333
1	1229	83.841308435854	0.0048353909465021
1	1244	85.362867782006	0.0047764227642276
1	1259	86.467578366067	0.004718875502008
1	1274	87.231246826379	0.0046626984126984
1	1289	88.706283568634	0.0046078431372549
1	1304	89.457106368518	0.0045542635658915
1	1319	89.621077859538	0.0045019157088123
1	1336	92.603307911842	0.0044507575757576
1	1351	92.984188929436	0.0044007490636704
1	1366	93.659321840167	0.0043518518518519
1	1381	94.728921709678	0.0043040293040293
1	1396	95.688313564172	0.0042572463768116
1	1411	96.063978092571	0.0042114695340502
1	1426	98.073275387479	0.0041666666666667
1	1441	98.077104795188	0.0041228070175439
1	1456	98.101840879472	0.0040798611111111
6	15	5.001428158799	0
6	28	6.283367158399	0.5
6	43	7.939908021497	0.66666666666667
6	58	8.002680458994	0.75
6	75	10.190849655724	0.8
6	90	11.108252395538	0.83333333333333
6	105	13.719183185008	0.85714285714286
6	120	13.807653346977	0.875
6	135	13.828121093757	0.88888888888889
6	150	14.710560894728	0.9
6	165	15.993807572358	0.90909090909091
6	180	16.531945546511	0.91666666666667
6	195	16.745246950576	0.92307692307692
6	210	18.379029685475	0.92857142857143
6	225	19.834214141344	0.93333333333333
6	242	20.915104746002	0.9375
6	257	22.583713044865	0.94117647058824
6	272	25.12637411773	0.94444444444444
6	287	26.407474395252	0.94736842105263
6	302	27.95885520486	0.95
6	317	28.5705063847	0.95238095238095
6	334	31.161089811956	0.95454545454545
6	349	33.369551459124	0.95652173913043
6	364	35.068905488295	0.95833333333333
6	379	35.666598426292	0.96
6	394	36.295136998912	0.96153846153846
6	409	36.743859972739	0.96296296296296
6	424	37.367463996828	0.96428571428571
6	439	38.627836463023	0.96551724137931
6	454	38.707166320732	0.96666666666667
6	469	39.683578180835	0.96774193548387
6	484	39.823591357633	0.96875
6	501	40.4104999268	0.96969696969697
6	516	41.242527302566	0.97058823529412
6	531	41.731377741964	0.97142857142857
6	546	43.977822191272	0.97222222222222
6	561	44.662893417031	0.97297297297297
6	576	45.014004424598	0.97368421052632
6	591	45.535587242774	0.97435897435897
6	606	46.096473944727	0.975
6	621	46.4438535815	0.97560975609756
6	636	47.780302264028	0.97619047619048
6	651	47.813510799397	0.97674418604651
6	666	48.003988278629	0.97727272727273
6	681	48.658597970536	0.97777777777778
6	696	48.741098859559	0.97826086956522
6	713	51.548109893901	0.97872340425532
6	728	52.108236361466	0.97916666666667
6	743	52.337064877409	0.97959183673469
6	758	53.999070182135	0.98
6	773	54.341221620287	0.98039215686275
6	788	55.573656785822	0.98076923076923
6	803	57.64202074314	0.9811320754717
6	818	57.744671068452	0.98148148148148
6	833	58.297588825968	0.98181818181818
6	848	58.847628697188	0.98214285714286
6	863	59.328072740376	0.98245614035088
6	878	59.653302118822	0.98275862068966
6	895	62.042024238995	0.98305084745763
6	910	62.406538957757	0.98333333333333
6	925	62.690456197313	0.98360655737705
6	940	63.636874890355	0.98387096774194
6	955	63.93039462991	0.98412698412698
6	970	66.024111543843	0.984375
6	985	66.278145918983	0.98461538461538
6	1000	66.814665046566	0.98484848484848
6	1015	66.830704659395	0.98507462686567
6	1030	67.113845248978	0.98529411764706
6	1045	67.64152124172	0.98550724637681
6	1060	68.597614022573	0.98571428571429
6	1075	69.171566946718	0.98591549295775
6	1092	70.971032335097	0.98611111111111
6	1107	71.328480634178	0.98630136986301
6	1122	72.370438456765	0.98648648648649
6	1137	72.731794928348	0.98666666666667
6	1152	76.378419998183	0.98684210526316
6	1167	79.26390131458	0.98701298701299
6	1184	80.377154920089	0.98717948717949
6	1199	81.745150228541	0.9873417721519
6	1214	81.889760041199	0.9875
6	1229	83.841308435854	0.98765432098765
6	1244	85.362867782006	0.98780487804878
6	1259	86.467578366067	0.98795180722892
6	1274	87.231246826379	0.98809523809524
6	1289	88.706283568634	0.98823529411765
6	1304	89.457106368518	0.98837209302326
6	1319	89.621077859538	0.98850574712644
6	1336	92.603307911842	0.98863636363636
6	1351	92.984188929436	0.98876404494382
6	1366	93.659321840167	0.98888888888889
6	1381	94.728921709678	0.98901098901099
6	1396	95.688313564172	0.98913043478261
6	1411	96.063978092571	0.98924731182796
6	1426	98.073275387479	0.98936170212766
6	1441	98.077104795188	0.98947368421053
6	1456	98.101840879472	0.98958333333333
7	15	5.001428158799	0
7	28	6.283367158399	0.5
7	43	7.939908021497	0.66666666666667
7	58	8.002680458994	0.75
7	75	10.190849655724	0.8
7	90	11.108252395538	0.83333333333333
7	105	13.719183185008	0.85714285714286
7	120	13.807653346977	0.875
7	135	13.828121093757	0.88888888888889
7	150	14.710560894728	0.9
7	165	15.993807572358	0.90909090909091
7	180	16.531945546511	0.91666666666667
7	195	16.745246950576	0.92307692307692
7	210	18.379029685475	0.92857142857143
7	225	19.834214141344	0.93333333333333
7	242	20.915104746002	0.9375
7	257	22.583713044865	0.94117647058824
7	272	25.12637411773	0.94444444444444
7	287	26.407474395252	0.94736842105263
7	302	27.95885520486	0.95
7	317	28.5705063847	0.95238095238095
7	334	31.161089811956	0.95454545454545
7	349	33.369551459124	0.95652173913043
7	364	35.068905488295	0.95833333333333
7	379	35.666598426292	0.96
7	394	36.295136998912	0.96153846153846
7	409	36.743859972739	0.96296296296296
7	424	37.367463996828	0.96428571428571
7	439	38.627836463023	0.96551724137931
7	454	38.707166320732	0.96666666666667
7	469	39.683578180835	0.96774193548387
7	484	39.823591357633	0.96875
7	501	40.4104999268	0.96969696969697
7	516	41.242527302566	0.97058823529412
7	531	41.731377741964	0.97142857142857
7	546	43.977822191272	0.97222222222222
7	561	44.662893417031	0.97297297297297
7	576	45.014004424598	0.97368421052632
7	591	45.535587242774	0.97435897435897
7	606	46.096473944727	0.975
7	621	46.4438535815	0.97560975609756
7	636	47.780302264028	0.97619047619048
7	651	47.813510799397	0.97674418604651
7	666	48.003988278629	0.97727272727273
7	681	48.658597970536	0.97777777777778
7	696	48.741098859559	0.97826086956522
7	713	51.548109893901	0.97872340425532
7	728	52.108236361466	0.97916666666667
7	743	52.337064877409	0.97959183673469
7	758	53.999070182135	0.98
7	773	54.341221620287	0.98039215686275
7	788	55.573656785822	0.98076923076923
7	803	57.64202074314	0.9811320754717
7	818	57.744671068452	0.98148148148148
7	833	58.297588825968	0.98181818181818
7	848	58.847628697188	0.98214285714286
7	863	59.328072740376	0.98245614035088
7	878	59.653302118822	0.98275862068966
7	895	62.042024238995	0.98305084745763
7	910	62.406538957757	0.98333333333333
7	925	62.690456197313	0.98360655737705
7	940	63.636874890355	0.98387096774194
7	955	63.93039462991	0.98412698412698
7	970	66.024111543843	0.984375
7	985	66.278145918983	0.98461538461538
7	1000	66.814665046566	0.98484848484848
7	1015	66.830704659395	0.98507462686567
7	1030	67.113845248978	0.98529411764706
7	1045	67.64152124172	0.98550724637681
7	1060	68.597614022573	0.98571428571429
7	1075	69.171566946718	0.98591549295775
7	1092	70.971032335097	0.98611111111111
7	1107	71.328480634178	0.98630136986301
7	1122	72.370438456765	0.98648648648649
7	1137	72.731794928348	0.98666666666667
7	1152	76.378419998183	0.98684210526316
7	1167	79.26390131458	0.98701298701299
7	1184	80.377154920089	0.98717948717949
7	1199	81.745150228541	0.9873417721519
7	1214	81.889760041199	0.9875
7	1229	83.841308435854	0.98765432098765
7	1244	85.362867782006	0.98780487804878
7	1259	86.467578366067	0.98795180722892
7	1274	87.231246826379	0.98809523809524
7	1289	88.706283568634	0.98823529411765
7	1304	89.457106368518	0.98837209302326
7	1319	89.621077859538	0.98850574712644
7	1336	92.603307911842	0.98863636363636
7	1351	92.984188929436	0.98876404494382
7	1366	93.659321840167	0.98888888888889
7	1381	94.728921709678	0.98901098901099
7	1396	95.688313564172	0.98913043478261
7	1411	96.063978092571	0.98924731182796
7	1426	98.073275387479	0.98936170212766
7	1441	98.077104795188	0.98947368421053
7	1456	98.101840879472	0.98958333333333
8	15	5.001428158799	0.39166666666667
8	28	6.283367158399	0.19583333333333
8	43	7.939908021497	0.13055555555556
8	58	8.002680458994	0.097916666666667
8	75	10.190849655724	0.078333333333333
8	90	11.108252395538	0.065277777777778
8	105	13.719183185008	0.055952380952381
8	120	13.807653346977	0.048958333333333
8	135	13.828121093757	0.043518518518519
8	150	14.710560894728	0.039166666666667
8	165	15.993807572358	0.035606060606061
8	180	16.531945546511	0.032638888888889
8	195	16.745246950576	0.030128205128205
8	210	18.379029685475	0.02797619047619
8	225	19.834214141344	0.026111111111111
8	242	20.915104746002	0.024479166666667
8	257	22.583713044865	0.023039215686275
8	272	25.12637411773	0.021759259259259
8	287	26.407474395252	0.020614035087719
8	302	27.95885520486	0.019583333333333
8	317	28.5705063847	0.018650793650794
8	334	31.161089811956	0.01780303030303
8	349	33.369551459124	0.017028985507246
8	364	35.068905488295	0.016319444444444
8	379	35.666598426292	0.015666666666667
8	394	36.295136998912	0.015064102564103
8	409	36.743859972739	0.014506172839506
8	424	37.367463996828	0.013988095238095
8	439	38.627836463023	0.013505747126437
8	454	38.707166320732	0.013055555555556
8	469	39.683578180835	0.012634408602151
8	484	39.823591357633	0.012239583333333
8	501	40.4104999268	0.011868686868687
8	516	41.242527302566	0.011519607843137
8	531	41.731377741964	0.011190476190476
8	546	43.977822191272	0.01087962962963
8	561	44.662893417031	0.010585585585586
8	576	45.014004424598	0.01030701754386
8	591	45.535587242774	0.010042735042735
8	606	46.096473944727	0.0097916666666667
8	621	46.4438535815	0.0095528455284553
8	636	47.780302264028	0.0093253968253968
8	651	47.813510799397	0.0091085271317829
8	666	48.003988278629	0.0089015151515152
8	681	48.658597970536	0.0087037037037037
8	696	48.741098859559	0.0085144927536232
8	713	51.548109893901	0.0083333333333333
8	728	52.108236361466	0.0081597222222222
8	743	52.337064877409	0.0079931972789116
8	758	53.999070182135	0.0078333333333333
8	773	54.341221620287	0.0076797385620915
8	788	55.573656785822	0.0075320512820513
8	803	57.64202074314	0.0073899371069182
8	818	57.744671068452	0.0072530864197531
8	833	58.297588825968	0.0071212121212121
8	848	58.847628697188	0.0069940476190476
8	863	59.328072740376	0.0068713450292398
8	878	59.653302118822	0.0067528735632184
8	895	62.042024238995	0.006638418079096
8	910	62.406538957757	0.0065277777777778
8	925	62.690456197313	0.0064207650273224
8	940	63.636874890355	0.0063172043010753
8	955	63.93039462991	0.0062169312169312
8	970	66.024111543843	0.0061197916666667
8	985	66.278145918983	0.006025641025641
8	1000	66.814665046566	0.0059343434343434
8	1015	66.830704659395	0.0058457711442786
8	1030	67.113845248978	0.0057598039215686
8	1045	67.64152124172	0.0056763285024155
8	1060	68.597614022573	0.0055952380952381
8	1075	69.171566946718	0.0055164319248826
8	1092	70.971032335097	0.0054398148148148
8	1107	71.328480634178	0.005365296803653
8	1122	72.370438456765	0.0052927927927928
8	1137	72.731794928348	0.0052222222222222
8	1152	76.378419998183	0.0051535087719298
8	1167	79.26390131458	0.0050865800865801
8	1184	80.377154920089	0.0050213675213675
8	1199	81.745150228541	0.004957805907173
8	1214	81.889760041199	0.0048958333333333
8	1229	83.841308435854	0.0048353909465021
8	1244	85.362867782006	0.0047764227642276
8	1259	86.467578366067	0.004718875502008
8	1274	87.231246826379	0.0046626984126984
8	1289	88.706283568634	0.0046078431372549
8	1304	89.457106368518	0.0045542635658915
8	1319	89.621077859538	0.0045019157088123
8	1336	92.603307911842	0.0044507575757576
8	1351	92.984188929436	0.0044007490636704
8	1366	93.659321840167	0.0043518518518519
8	1381	94.728921709678	0.0043040293040293
8	1396	95.688313564172	0.0042572463768116
8	1411	96.063978092571	0.0042114695340502
8	1426	98.073275387479	0.0041666666666667
8	1441	98.077104795188	0.0041228070175439
8	1456	98.101840879472	0.0040798611111111
9	15	5.001428158799	0.875
9	28	6.283367158399	0.4375
9	43	7.939908021497	0.29166666666667
9	58	8.002680458994	0.21875
9	75	10.190849655724	0.175
9	90	11.108252395538	0.14583333333333
9	105	13.719183185008	0.125
9	120	13.807653346977	0.109375
9	135	13.828121093757	0.097222222222222
9	150	14.710560894728	0.0875
9	165	15.993807572358	0.079545454545455
9	180	16.531945546511	0.072916666666667
9	195	16.745246950576	0.067307692307692
9	210	18.379029685475	0.0625
9	225	19.834214141344	0.058333333333333
9	242	20.915104746002	0.0546875
9	257	22.583713044865	0.051470588235294
9	272	25.12637411773	0.048611111111111
9	287	26.407474395252	0.046052631578947
9	302	27.95885520486	0.04375
9	317	28.5705063847	0.041666666666667
9	334	31.161089811956	0.039772727272727
9	349	33.369551459124	0.03804347826087
9	364	35.068905488295	0.036458333333333
9	379	35.666598426292	0.035
9	394	36.295136998912	0.033653846153846
9	409	36.743859972739	0.032407407407407
9	424	37.367463996828	0.03125
9	439	38.627836463023	0.030172413793103
9	454	38.707166320732	0.029166666666667
9	469	39.683578180835	0.028225806451613
9	484	39.823591357633	0.02734375
9	501	40.4104999268	0.026515151515152
9	516	41.242527302566	0.025735294117647
9	531	41.731377741964	0.025
9	546	43.977822191272	0.024305555555556
9	561	44.662893417031	0.023648648648649
9	576	45.014004424598	0.023026315789474
9	591	45.535587242774	0.022435897435897
9	606	46.096473944727	0.021875
9	621	46.4438535815	0.021341463414634
9	636	47.780302264028	0.020833333333333
9	651	47.813510799397	0.020348837209302
9	666	48.003988278629	0.019886363636364
9	681	48.658597970536	0.019444444444444
9	696	48.741098859559	0.019021739130435
9	713	51.548109893901	0.018617021276596
9	728	52.108236361466	0.018229166666667
9	743	52.337064877409	0.017857142857143
9	758	53.999070182135	0.0175
9	773	54.341221620287	0.017156862745098
9	788	55.573656785822	0.016826923076923
9	803	57.64202074314	0.016509433962264
9	818	57.744671068452	0.016203703703704
9	833	58.297588825968	0.015909090909091
9	848	58.847628697188	0.015625
9	863	59.328072740376	0.015350877192982
9	878	59.653302118822	0.015086206896552
9	895	62.042024238995	0.014830508474576
9	910	62.406538957757	0.014583333333333
9	925	62.690456197313	0.014344262295082
9	940	63.636874890355	0.014112903225806
9	955	63.93039462991	0.013888888888889
9	970	66.024111543843	0.013671875
9	985	66.278145918983	0.013461538461538
9	1000	66.814665046566	0.013257575757576
9	1015	66.830704659395	0.013059701492537
9	1030	67.113845248978	0.012867647058824
9	1045	67.64152124172	0.01268115942029
9	1060	68.597614022573	0.0125
9	1075	69.171566946718	0.012323943661972
9	1092	70.971032335097	0.012152777777778
9	1107	71.328480634178	0.011986301369863
9	1122	72.370438456765	0.011824324324324
9	1137	72.731794928348	0.011666666666667
9	1152	76.378419998183	0.011513157894737
9	1167	79.26390131458	0.011363636363636
9	1184	80.377154920089	0.011217948717949
9	1199	81.745150228541	0.011075949367089
9	1214	81.889760041199	0.0109375
9	1229	83.841308435854	0.010802469135802
9	1244	85.362867782006	0.010670731707317
9	1259	86.467578366067	0.010542168674699
9	1274	87.231246826379	0.010416666666667
9	1289	88.706283568634	0.010294117647059
9	1304	89.457106368518	0.010174418604651
9	1319	89.621077859538	0.010057471264368
9	1336	92.603307911842	0.0099431818181818
9	1351	92.984188929436	0.0098314606741573
9	1366	93.659321840167	0.0097222222222222
9	1381	94.728921709678	0.0096153846153846
9	1396	95.688313564172	0.0095108695652174
9	1411	96.063978092571	0.0094086021505376
9	1426	98.073275387479	0.0093085106382979
9	1441	98.077104795188	0.0092105263157895
9	1456	98.101840879472	0.0091145833333333
10	15	5.001428158799	0
10	28	6.283367158399	1
10	43	7.939908021497	1
10	58	8.002680458994	1
10	75	10.190849655724	1
10	90	11.108252395538	1
10	105	13.719183185008	1
10	120	13.807653346977	1
10	135	13.828121093757	1
10	150	14.710560894728	1
10	165	15.993807572358	1
10	180	16.531945546511	1
10	195	16.745246950576	1
10	210	18.379029685475	1
10	225	19.834214141344	1
10	242	20.915104746002	1
10	257	22.583713044865	1
10	272	25.12637411773	1
10	287	26.407474395252	1
10	302	27.95885520486	1
10	317	28.5705063847	1
10	334	31.161089811956	1
10	349	33.369551459124	1
10	364	35.068905488295	1
10	379	35.666598426292	1
10	394	36.295136998912	1
10	409	36.743859972739	1
10	424	37.367463996828	1
10	439	38.627836463023	1
10	454	38.707166320732	1
10	469	39.683578180835	1
10	484	39.823591357633	1
10	501	40.4104999268	1
10	516	41.242527302566	1
10	531	41.731377741964	1
10	546	43.977822191272	1
10	561	44.662893417031	1
10	576	45.014004424598	1
10	591	45.535587242774	1
10	606	46.096473944727	1
10	621	46.4438535815	1
10	636	47.780302264028	1
10	651	47.813510799397	1
10	666	48.003988278629	1
10	681	48.658597970536	1
10	696	48.741098859559	1
10	713	51.548109893901	1
10	728	52.108236361466	1
10	743	52.337064877409	1
10	758	53.999070182135	1
10	773	54.341221620287	1
10	788	55.573656785822	1
10	803	57.64202074314	1
10	818	57.744671068452	1
10	833	58.297588825968	1
10	848	58.847628697188	1
10	863	59.328072740376	1
10	878	59.653302118822	1
10	895	62.042024238995	1
10	910	62.406538957757	1
10	925	62.690456197313	1
10	940	63.636874890355	1
10	955	63.93039462991	1
10	970	66.024111543843	1
10	985	66.278145918983	1
10	1000	66.814665046566	1
10	1015	66.830704659395	1
10	1030	67.113845248978	1
10	1045	67.64152124172	1
10	1060	68.597614022573	1
10	1075	69.171566946718	1
10	1092	70.971032335097	1
10	1107	71.328480634178	1
10	1122	72.370438456765	1
10	1137	72.731794928348	1
10	1152	76.378419998183	1
10	1167	79.26390131458	1
10	1184	80.377154920089	1
10	1199	81.745150228541	1
10	1214	81.889760041199	1
10	1229	83.841308435854	1
10	1244	85.362867782006	1
10	1259	86.467578366067	1
10	1274	87.231246826379	1
10	1289	88.706283568634	1
10	1304	89.457106368518	1
10	1319	89.621077859538	1
10	1336	92.603307911842	1
10	1351	92.984188929436	1
10	1366	93.659321840167	1
10	1381	94.728921709678	1
10	1396	95.688313564172	1
10	1411	96.063978092571	1
10	1426	98.073275387479	1
10	1441	98.077104795188	1
10	1456	98.101840879472	1
11	15	5.001428158799	0
11	28	6.283367158399	1
11	43	7.939908021497	1
11	58	8.002680458994	1
11	75	10.190849655724	1
11	90	11.108252395538	1
11	105	13.719183185008	1
11	120	13.807653346977	1
11	135	13.828121093757	1
11	150	14.710560894728	1
11	165	15.993807572358	1
11	180	16.531945546511	1
11	195	16.745246950576	1
11	210	18.379029685475	1
11	225	19.834214141344	1
11	242	20.915104746002	1
11	257	22.583713044865	1
11	272	25.12637411773	1
11	287	26.407474395252	1
11	302	27.95885520486	1
11	317	28.5705063847	1
11	334	31.161089811956	1
11	349	33.369551459124	1
11	364	35.068905488295	1
11	379	35.666598426292	1
11	394	36.295136998912	1
11	409	36.743859972739	1
11	424	37.367463996828	1
11	439	38.627836463023	1
11	454	38.707166320732	1
11	469	39.683578180835	1
11	484	39.823591357633	1
11	501	40.4104999268	1
11	516	41.242527302566	1
11	531	41.731377741964	1
11	546	43.977822191272	1
11	561	44.662893417031	1
11	576	45.014004424598	1
11	591	45.535587242774	1
11	606	46.096473944727	1
11	621	46.4438535815	1
11	636	47.780302264028	1
11	651	47.813510799397	1
11	666	48.003988278629	1
11	681	48.658597970536	1
11	696	48.741098859559	1
11	713	51.548109893901	1
11	728	52.108236361466	1
11	743	52.337064877409	1
11	758	53.999070182135	1
11	773	54.341221620287	1
11	788	55.573656785822	1
11	803	57.64202074314	1
11	818	57.744671068452	1
11	833	58.297588825968	1
11	848	58.847628697188	1
11	863	59.328072740376	1
11	878	59.653302118822	1
11	895	62.042024238995	1
11	910	62.406538957757	1
11	925	62.690456197313	1
11	940	63.636874890355	1
11	955	63.93039462991	1
11	970	66.024111543843	1
11	985	66.278145918983	1
11	1000	66.814665046566	1
11	1015	66.830704659395	1
11	1030	67.113845248978	1
11	1045	67.64152124172	1
11	1060	68.597614022573	1
11	1075	69.171566946718	1
11	1092	70.971032335097	1
11	1107	71.328480634178	1
11	1122	72.370438456765	1
11	1137	72.731794928348	1
11	1152	76.378419998183	1
11	1167	79.26390131458	1
11	1184	80.377154920089	1
11	1199	81.745150228541	1
11	1214	81.889760041199	1
11	1229	83.841308435854	1
11	1244	85.362867782006	1
11	1259	86.467578366067	1
11	1274	87.231246826379	1
11	1289	88.706283568634	1
11	1304	89.457106368518	1
11	1319	89.621077859538	1
11	1336	92.603307911842	1
11	1351	92.984188929436	1
11	1366	93.659321840167	1
11	1381	94.728921709678	1
11	1396	95.688313564172	1
11	1411	96.063978092571	1
11	1426	98.073275387479	1
11	1441	98.077104795188	1
11	1456	98.101840879472	1
19	7	5.000896285199	8.422722147966e-06
19	20	6.282835284799	9.6699006904766e-06
19	35	7.939376147897	6.9432645893533e-06
19	50	8.002148585394	7.435706832208e-06
19	67	10.190317782124	5.9681990229922e-06
19	82	11.107720521938	9.1627688466316e-06
19	97	13.718651311408	1.3557739243581e-05
19	112	13.807121473377	1.0347029188003e-05
19	127	13.827589220157	9.2079843707824e-06
19	142	14.710029021128	5.6430337652866e-06
19	157	15.993275698758	6.7286461889121e-06
19	172	16.531413672911	4.7514695714015e-06
19	187	16.744715076976	1.4225502118744e-05
19	202	18.378497811875	8.304140777066e-06
19	217	19.833682267744	5.5509530568592e-06
19	234	20.914572872402	2.588973628683e-06
19	249	22.583181171265	6.999303515223e-06
19	264	25.12584224413	6.5412012446582e-06
19	279	26.406942521652	1.1421143448574e-05
19	294	27.95832333126	1.1043915794724e-05
19	309	28.5699745111	1.8782993932451e-06
19	326	31.160557938356	7.1860429024851e-06
19	341	33.369019585524	5.0417463383946e-06
19	356	35.068373614695	2.7824965559138e-06
19	371	35.666066552692	3.6575930409185e-05
19	386	36.294605125312	4.3284819837082e-05
19	401	36.743328099139	2.1107295539846e-06
19	416	37.366932123228	1.0140836552655e-05
19	431	38.627304589423	7.9939607943727e-06
19	446	38.706634447132	4.3757269288758e-06
19	461	39.683046307235	7.2136776686304e-06
19	476	39.823059484033	4.2781734146777e-06
19	493	40.4099680532	8.7081951458846e-06
19	508	41.241995428966	1.2438412863407e-05
19	523	41.730845868364	5.5542315957e-06
19	538	43.977290317672	5.426263850202e-05
19	553	44.662361543431	1.5125598864036e-05
19	568	45.013472550998	9.4830400750147e-06
19	583	45.535055369174	4.4732974706904e-06
19	598	46.095942071127	4.7828961959248e-06
19	613	46.4433217079	7.1309172800314e-06
19	628	47.779770390428	5.6990225496339e-06
19	643	47.812978925797	5.1812823088629e-06
19	658	48.003456405029	3.4605090862691e-06
19	673	48.658066096936	7.5883677900735e-06
19	688	48.740566985959	3.2288097818992e-06
19	705	51.547578020301	2.9652168882523e-06
19	720	52.107704487866	2.9517214296773e-06
19	735	52.336533003809	6.0416975928757e-06
19	750	53.998538308535	9.2251309453729e-06
19	765	54.340689746687	1.0878254424057e-05
19	780	55.573124912222	7.8544002513037e-06
19	795	57.64148886954	8.7341637975124e-06
19	810	57.744139194852	1.5592035379604e-05
19	825	58.297056952368	1.1606300709964e-05
19	840	58.847096823588	2.9692671743107e-06
19	855	59.327540866776	2.6622055989785e-06
19	870	59.652770245222	1.0939491875749e-05
19	887	62.041492365395	1.1715739828947e-05
19	902	62.406007084157	1.3286203348785e-05
19	917	62.689924323713	2.1645078653643e-06
19	932	63.636343016755	6.166273966181e-06
19	947	63.92986275631	1.6859592519085e-05
19	962	66.023579670243	4.1529700317378e-06
19	977	66.277614045383	2.8131274277893e-05
19	992	66.814133172966	2.2410549661784e-05
19	1007	66.830172785795	8.500948485568e-06
19	1022	67.113313375378	6.8522725260931e-06
19	1037	67.64098936812	7.4893821439421e-06
19	1052	68.597082148973	1.0309683057799e-05
19	1067	69.171035073118	1.3216116890829e-05
19	1084	70.970500461497	5.3822895473722e-06
19	1099	71.327948760578	6.4558833442613e-06
19	1114	72.369906583165	7.4379935624704e-06
19	1129	72.731263054748	8.3391182857341e-06
19	1144	76.377888124583	2.1158396483469e-06
19	1159	79.26336944098	7.3996017432899e-06
19	1176	80.376623046489	1.2682522929031e-05
19	1191	81.744618354941	1.1968276952815e-05
19	1206	81.889228167599	1.6505676448476e-05
19	1221	83.840776562254	6.9389156887095e-06
19	1236	85.362335908406	1.0562818835932e-05
19	1251	86.467046492467	8.2753147223716e-06
19	1266	87.230714952779	7.5682109249436e-06
19	1281	88.705751695034	5.022393326666e-06
19	1296	89.456574494918	1.2482291385598e-05
19	1311	89.620545985938	1.2054505472306e-05
19	1328	92.602776038242	5.732144539789e-06
19	1343	92.983657055836	8.6105927838273e-06
19	1358	93.658789966567	8.5450295542417e-06
19	1373	94.728389836078	4.1893034433551e-06
19	1388	95.687781690572	6.9866598861852e-06
19	1403	96.063446218971	5.6437824917383e-06
19	1418	98.072743513879	7.7359804917714e-06
19	1433	98.076572921588	7.9277513271881e-06
19	1448	98.101309005872	4.6776360290894e-06
23	8	5.000967785199	0
23	21	6.282906784799	0
23	28	6.283367158399	0.5
23	36	7.939447647897	0.33333333333333
23	43	7.939908021497	0.66666666666667
23	51	8.002220085394	0.5
23	58	8.002680458994	0.75
23	68	10.190389282124	0.6
23	75	10.190849655724	0.8
23	83	11.107792021938	0.66666666666667
23	90	11.108252395538	0.83333333333333
23	98	13.718722811408	0.71428571428571
23	105	13.719183185008	0.85714285714286
23	113	13.807192973377	0.75
23	120	13.807653346977	0.875
23	128	13.827660720157	0.77777777777778
23	135	13.828121093757	0.88888888888889
23	143	14.710100521128	0.8
23	150	14.710560894728	0.9
23	158	15.993347198758	0.81818181818182
23	165	15.993807572358	0.90909090909091
23	173	16.531485172911	0.83333333333333
23	180	16.531945546511	0.91666666666667
23	188	16.744786576976	0.84615384615385
23	195	16.745246950576	0.92307692307692
23	203	18.378569311875	0.85714285714286
23	210	18.379029685475	0.92857142857143
23	218	19.833753767744	0.86666666666667
23	225	19.834214141344	0.93333333333333
23	235	20.914644372402	0.875
23	242	20.915104746002	0.9375
23	250	22.583252671265	0.88235294117647
23	257	22.583713044865	0.94117647058824
23	265	25.12591374413	0.88888888888889
23	272	25.12637411773	0.94444444444444
23	280	26.407014021652	0.89473684210526
23	287	26.407474395252	0.94736842105263
23	295	27.95839483126	0.9
23	302	27.95885520486	0.95
23	310	28.5700460111	0.9047619047619
23	317	28.5705063847	0.95238095238095
23	327	31.160629438356	0.90909090909091
23	334	31.161089811956	0.95454545454545
23	342	33.369091085524	0.91304347826087
23	349	33.369551459124	0.95652173913043
23	357	35.068445114695	0.91666666666667
23	364	35.068905488295	0.95833333333333
23	372	35.666138052692	0.92
23	379	35.666598426292	0.96
23	387	36.294676625312	0.92307692307692
23	394	36.295136998912	0.96153846153846
23	402	36.743399599139	0.92592592592593
23	409	36.743859972739	0.96296296296296
23	417	37.367003623228	0.92857142857143
23	424	37.367463996828	0.96428571428571
23	432	38.627376089423	0.93103448275862
23	439	38.627836463023	0.96551724137931
23	447	38.706705947132	0.93333333333333
23	454	38.707166320732	0.96666666666667
23	462	39.683117807235	0.93548387096774
23	469	39.683578180835	0.96774193548387
23	477	39.823130984033	0.9375
23	484	39.823591357633	0.96875
23	494	40.4100395532	0.93939393939394
23	501	40.4104999268	0.96969696969697
23	509	41.242066928966	0.94117647058824
23	516	41.242527302566	0.97058823529412
23	524	41.730917368364	0.94285714285714
23	531	41.731377741964	0.97142857142857
23	539	43.977361817672	0.94444444444444
23	546	43.977822191272	0.97222222222222
23	554	44.662433043431	0.94594594594595
23	561	44.662893417031	0.97297297297297
23	569	45.013544050998	0.94736842105263
23	576	45.014004424598	0.97368421052632
23	584	45.535126869174	0.94871794871795
23	591	45.535587242774	0.97435897435897
23	599	46.096013571127	0.95
23	606	46.096473944727	0.975
23	614	46.4433932079	0.95121951219512
23	621	46.4438535815	0.97560975609756
23	629	47.779841890428	0.95238095238095
23	636	47.780302264028	0.97619047619048
23	644	47.813050425797	0.95348837209302
23	651	47.813510799397	0.97674418604651
23	659	48.003527905029	0.95454545454545
23	666	48.003988278629	0.97727272727273
23	674	48.658137596936	0.95555555555556
23	681	48.658597970536	0.97777777777778
23	689	48.740638485959	0.95652173913043
23	696	48.741098859559	0.97826086956522
23	706	51.547649520301	0.95744680851064
23	713	51.548109893901	0.97872340425532
23	721	52.107775987866	0.95833333333333
23	728	52.108236361466	0.97916666666667
23	736	52.336604503809	0.95918367346939
23	743	52.337064877409	0.97959183673469
23	751	53.998609808535	0.96
23	758	53.999070182135	0.98
23	766	54.340761246687	0.96078431372549
23	773	54.341221620287	0.98039215686275
23	781	55.573196412222	0.96153846153846
23	788	55.573656785822	0.98076923076923
23	796	57.64156036954	0.9622641509434
23	803	57.64202074314	0.9811320754717
23	811	57.744210694852	0.96296296296296
23	818	57.744671068452	0.98148148148148
23	826	58.297128452368	0.96363636363636
23	833	58.297588825968	0.98181818181818
23	841	58.847168323588	0.96428571428571
23	848	58.847628697188	0.98214285714286
23	856	59.327612366776	0.96491228070175
23	863	59.328072740376	0.98245614035088
23	871	59.652841745222	0.96551724137931
23	878	59.653302118822	0.98275862068966
23	888	62.041563865395	0.96610169491525
23	895	62.042024238995	0.98305084745763
23	903	62.406078584157	0.96666666666667
23	910	62.406538957757	0.98333333333333
23	918	62.689995823713	0.9672131147541
23	925	62.690456197313	0.98360655737705
23	933	63.636414516755	0.96774193548387
23	940	63.636874890355	0.98387096774194
23	948	63.92993425631	0.96825396825397
23	955	63.93039462991	0.98412698412698
23	963	66.023651170243	0.96875
23	970	66.024111543843	0.984375
23	978	66.277685545383	0.96923076923077
23	985	66.278145918983	0.98461538461538
23	993	66.814204672966	0.96969696969697
23	1000	66.814665046566	0.98484848484848
23	1008	66.830244285795	0.97014925373134
23	1015	66.830704659395	0.98507462686567
23	1023	67.113384875378	0.97058823529412
23	1030	67.113845248978	0.98529411764706
23	1038	67.64106086812	0.97101449275362
23	1045	67.64152124172	0.98550724637681
23	1053	68.597153648973	0.97142857142857
23	1060	68.597614022573	0.98571428571429
23	1068	69.171106573118	0.97183098591549
23	1075	69.171566946718	0.98591549295775
23	1085	70.970571961497	0.97222222222222
23	1092	70.971032335097	0.98611111111111
23	1100	71.328020260578	0.97260273972603
23	1107	71.328480634178	0.98630136986301
23	1115	72.369978083165	0.97297297297297
23	1122	72.370438456765	0.98648648648649
23	1130	72.731334554748	0.97333333333333
23	1137	72.731794928348	0.98666666666667
23	1145	76.377959624583	0.97368421052632
23	1152	76.378419998183	0.98684210526316
23	1160	79.26344094098	0.97402597402597
23	1167	79.26390131458	0.98701298701299
23	1177	80.376694546489	0.97435897435897
23	1184	80.377154920089	0.98717948717949
23	1192	81.744689854941	0.9746835443038
23	1199	81.745150228541	0.9873417721519
23	1207	81.889299667599	0.975
23	1214	81.889760041199	0.9875
23	1222	83.840848062254	0.97530864197531
23	1229	83.841308435854	0.98765432098765
23	1237	85.362407408406	0.97560975609756
23	1244	85.362867782006	0.98780487804878
23	1252	86.467117992467	0.97590361445783
23	1259	86.467578366067	0.98795180722892
23	1267	87.230786452779	0.97619047619048
23	1274	87.231246826379	0.98809523809524
23	1282	88.705823195034	0.97647058823529
23	1289	88.706283568634	0.98823529411765
23	1297	89.456645994918	0.97674418604651
23	1304	89.457106368518	0.98837209302326
23	1312	89.620617485938	0.97701149425287
23	1319	89.621077859538	0.98850574712644
23	1329	92.602847538242	0.97727272727273
23	1336	92.603307911842	0.98863636363636
23	1344	92.983728555836	0.97752808988764
23	1351	92.984188929436	0.98876404494382
23	1359	93.658861466567	0.97777777777778
23	1366	93.659321840167	0.98888888888889
23	1374	94.728461336078	0.97802197802198
23	1381	94.728921709678	0.98901098901099
23	1389	95.687853190572	0.97826086956522
23	1396	95.688313564172	0.98913043478261
23	1404	96.063517718971	0.97849462365591
23	1411	96.063978092571	0.98924731182796
23	1419	98.072815013879	0.97872340425532
23	1426	98.073275387479	0.98936170212766
23	1434	98.076644421588	0.97894736842105
23	1441	98.077104795188	0.98947368421053
23	1449	98.101380505872	0.97916666666667
23	1456	98.101840879472	0.98958333333333
24	8	5.000967785199	0
24	21	6.282906784799	0
24	28	6.283367158399	0.5
24	36	7.939447647897	0.33333333333333
24	43	7.939908021497	0.66666666666667
24	51	8.002220085394	0.5
24	58	8.002680458994	0.75
24	68	10.190389282124	0.6
24	75	10.190849655724	0.8
24	83	11.107792021938	0.66666666666667
24	90	11.108252395538	0.83333333333333
24	98	13.718722811408	0.71428571428571
24	105	13.719183185008	0.85714285714286
24	113	13.807192973377	0.75
24	120	13.807653346977	0.875
24	128	13.827660720157	0.77777777777778
24	135	13.828121093757	0.88888888888889
24	143	14.710100521128	0.8
24	150	14.710560894728	0.9
24	158	15.993347198758	0.81818181818182
24	165	15.993807572358	0.90909090909091
24	173	16.531485172911	0.83333333333333
24	180	16.531945546511	0.91666666666667
24	188	16.744786576976	0.84615384615385
24	195	16.745246950576	0.92307692307692
24	203	18.378569311875	0.85714285714286
24	210	18.379029685475	0.92857142857143
24	218	19.833753767744	0.86666666666667
24	225	19.834214141344	0.93333333333333
24	235	20.914644372402	0.875
24	242	20.915104746002	0.9375
24	250	22.583252671265	0.88235294117647
24	257	22.583713044865	0.94117647058824
24	265	25.12591374413	0.88888888888889
24	272	25.12637411773	0.94444444444444
24	280	26.407014021652	0.89473684210526
24	287	26.407474395252	0.94736842105263
24	295	27.95839483126	0.9
24	302	27.95885520486	0.95
24	310	28.5700460111	0.9047619047619
24	317	28.5705063847	0.95238095238095
24	327	31.160629438356	0.90909090909091
24	334	31.161089811956	0.95454545454545
24	342	33.369091085524	0.91304347826087
24	349	33.369551459124	0.95652173913043
24	357	35.068445114695	0.91666666666667
24	364	35.068905488295	0.95833333333333
24	372	35.666138052692	0.92
24	379	35.666598426292	0.96
24	387	36.294676625312	0.92307692307692
24	394	36.295136998912	0.96153846153846
24	402	36.743399599139	0.92592592592593
24	409	36.743859972739	0.96296296296296
24	417	37.367003623228	0.92857142857143
24	424	37.367463996828	0.96428571428571
24	432	38.627376089423	0.93103448275862
24	439	38.627836463023	0.96551724137931
24	447	38.706705947132	0.93333333333333
24	454	38.707166320732	0.96666666666667
24	462	39.683117807235	0.93548387096774
24	469	39.683578180835	0.96774193548387
24	477	39.823130984033	0.9375
24	484	39.823591357633	0.96875
24	494	40.4100395532	0.93939393939394
24	501	40.4104999268	0.96969696969697
24	509	41.242066928966	0.94117647058824
24	516	41.242527302566	0.97058823529412
24	524	41.730917368364	0.94285714285714
24	531	41.731377741964	0.97142857142857
24	539	43.977361817672	0.94444444444444
24	546	43.977822191272	0.97222222222222
24	554	44.662433043431	0.94594594594595
24	561	44.662893417031	0.97297297297297
24	569	45.013544050998	0.94736842105263
24	576	45.014004424598	0.97368421052632
24	584	45.535126869174	0.94871794871795
24	591	45.535587242774	0.97435897435897
24	599	46.096013571127	0.95
24	606	46.096473944727	0.975
24	614	46.4433932079	0.95121951219512
24	621	46.4438535815	0.97560975609756
24	629	47.779841890428	0.95238095238095
24	636	47.780302264028	0.97619047619048
24	644	47.813050425797	0.95348837209302
24	651	47.813510799397	0.97674418604651
24	659	48.003527905029	0.95454545454545
24	666	48.003988278629	0.97727272727273
24	674	48.658137596936	0.95555555555556
24	681	48.658597970536	0.97777777777778
24	689	48.740638485959	0.95652173913043
24	696	48.741098859559	0.97826086956522
24	706	51.547649520301	0.95744680851064
24	713	51.548109893901	0.97872340425532
24	721	52.107775987866	0.95833333333333
24	728	52.108236361466	0.97916666666667
24	736	52.336604503809	0.95918367346939
24	743	52.337064877409	0.97959183673469
24	751	53.998609808535	0.96
24	758	53.999070182135	0.98
24	766	54.340761246687	0.96078431372549
24	773	54.341221620287	0.98039215686275
24	781	55.573196412222	0.96153846153846
24	788	55.573656785822	0.98076923076923
24	796	57.64156036954	0.9622641509434
24	803	57.64202074314	0.9811320754717
24	811	57.744210694852	0.96296296296296
24	818	57.744671068452	0.98148148148148
24	826	58.297128452368	0.96363636363636
24	833	58.297588825968	0.98181818181818
24	841	58.847168323588	0.96428571428571
24	848	58.847628697188	0.98214285714286
24	856	59.327612366776	0.96491228070175
24	863	59.328072740376	0.98245614035088
24	871	59.652841745222	0.96551724137931
24	878	59.653302118822	0.98275862068966
24	888	62.041563865395	0.96610169491525
24	895	62.042024238995	0.98305084745763
24	903	62.406078584157	0.96666666666667
24	910	62.406538957757	0.98333333333333
24	918	62.689995823713	0.9672131147541
24	925	62.690456197313	0.98360655737705
24	933	63.636414516755	0.96774193548387
24	940	63.636874890355	0.98387096774194
24	948	63.92993425631	0.96825396825397
24	955	63.93039462991	0.98412698412698
24	963	66.023651170243	0.96875
24	970	66.024111543843	0.984375
24	978	66.277685545383	0.96923076923077
24	985	66.278145918983	0.98461538461538
24	993	66.814204672966	0.96969696969697
24	1000	66.814665046566	0.98484848484848
24	1008	66.830244285795	0.97014925373134
24	1015	66.830704659395	0.98507462686567
24	1023	67.113384875378	0.97058823529412
24	1030	67.113845248978	0.98529411764706
24	1038	67.64106086812	0.97101449275362
24	1045	67.64152124172	0.98550724637681
24	1053	68.597153648973	0.97142857142857
24	1060	68.597614022573	0.98571428571429
24	1068	69.171106573118	0.97183098591549
24	1075	69.171566946718	0.98591549295775
24	1085	70.970571961497	0.97222222222222
24	1092	70.971032335097	0.98611111111111
24	1100	71.328020260578	0.97260273972603
24	1107	71.328480634178	0.98630136986301
24	1115	72.369978083165	0.97297297297297
24	1122	72.370438456765	0.98648648648649
24	1130	72.731334554748	0.97333333333333
24	1137	72.731794928348	0.98666666666667
24	1145	76.377959624583	0.97368421052632
24	1152	76.378419998183	0.98684210526316
24	1160	79.26344094098	0.97402597402597
24	1167	79.26390131458	0.98701298701299
24	1177	80.376694546489	0.97435897435897
24	1184	80.377154920089	0.98717948717949
24	1192	81.744689854941	0.9746835443038
24	1199	81.745150228541	0.9873417721519
24	1207	81.889299667599	0.975
24	1214	81.889760041199	0.9875
24	1222	83.840848062254	0.97530864197531
24	1229	83.841308435854	0.98765432098765
24	1237	85.362407408406	0.97560975609756
24	1244	85.362867782006	0.98780487804878
24	1252	86.467117992467	0.97590361445783
24	1259	86.467578366067	0.98795180722892
24	1267	87.230786452779	0.97619047619048
24	1274	87.231246826379	0.98809523809524
24	1282	88.705823195034	0.97647058823529
24	1289	88.706283568634	0.98823529411765
24	1297	89.456645994918	0.97674418604651
24	1304	89.457106368518	0.98837209302326
24	1312	89.620617485938	0.97701149425287
24	1319	89.621077859538	0.98850574712644
24	1329	92.602847538242	0.97727272727273
24	1336	92.603307911842	0.98863636363636
24	1344	92.983728555836	0.97752808988764
24	1351	92.984188929436	0.98876404494382
24	1359	93.658861466567	0.97777777777778
24	1366	93.659321840167	0.98888888888889
24	1374	94.728461336078	0.97802197802198
24	1381	94.728921709678	0.98901098901099
24	1389	95.687853190572	0.97826086956522
24	1396	95.688313564172	0.98913043478261
24	1404	96.063517718971	0.97849462365591
24	1411	96.063978092571	0.98924731182796
24	1419	98.072815013879	0.97872340425532
24	1426	98.073275387479	0.98936170212766
24	1434	98.076644421588	0.97894736842105
24	1441	98.077104795188	0.98947368421053
24	1449	98.101380505872	0.97916666666667
24	1456	98.101840879472	0.98958333333333
